frame_id: "mynteye_right_frame"
height: 400
width: 640
distortion_model: "KANNALA_BRANDT"
D: [0.5272866660208462, 0.3153759637397757, -0.7413424571677865, 0.3215903605129617, 0.0]
K: [201.43008984676288, 0.0, 308.52939423383873, 0.0, 201.37639883522235, 191.7881007987591, 0.0, 0.0, 1.0]
R: [0.9999906348446495, 0.004269844142126892, -0.0007061543718233534, 
    -0.004267093069298299, 0.9999834748600762, 0.0038525217073582642, 
    0.0007225923697681337, -0.0038494724014681205, 0.9999923296818319]

P: [201.33315195540382, 0.0, 306.3049430847168, 
    -16033.97787882835, 0.0, 201.33315195540382, 
    189.75492095947266, 0.0, 0.0, 0.0, 1.0, 0.0]


frame_id: "mynteye_left_frame"
height: 400
width: 640
distortion_model: "KANNALA_BRANDT"
D: [0.5242437701303867, 0.32961143114051095, -0.7622255120505407, 0.3345104181994437, 0.0]
K: [201.22272174187495, 0.0, 317.34263731810125, 0.0, 201.2899050755853, 195.05734511176362, 0.0, 0.0, 1.0]
R: [0.9999896724720666, 0.0044895424945661224, 0.0007063691657223903, -0.0044867889657990495, 0.999982512948846, -0.0038525992898058962, -0.0007236532216347723, 0.003849390172600571, 0.9999923292312366]
P: [201.33315195540382, 0.0, 306.3049430847168, 
	0.0, 0.0, 201.33315195540382, 
	189.75492095947266, 0.0, 
0.0, 0.0, 1.0, 0.0]

